0.000000	4
0.100000	644
0.200000	522
0.300000	981
0.400000	385
0.500000	961
0.600000	854
0.700000	424
0.800000	590
0.900000	385
1.000000	390
1.100000	683
1.200000	429
1.300000	424
1.400000	375
1.500000	625
1.600000	620
1.700000	786
1.800000	405
1.900000	712
2.000000	634
2.100000	634
2.200000	795
2.300000	434
2.400000	830
2.500000	356
2.600000	810
2.700000	434
2.800000	595
2.900000	498
3.000000	551
3.100000	566
3.200000	688
3.300000	380
3.400000	615
3.500000	864
3.600000	546
3.700000	454
3.800000	952
3.900000	468
4.000000	981
4.100000	576
4.200000	688
4.300000	385
4.400000	1147
4.500000	629
4.600000	639
4.700000	585
4.800000	766
4.900000	581
5.000000	605
5.100000	878
5.200000	546
5.300000	576
5.400000	439
5.500000	454
5.600000	878
5.700000	395
5.800000	688
5.900000	620
6.000000	537
6.100000	507
6.200000	590
6.300000	625
6.400000	434
6.500000	585
6.600000	517
6.700000	727
6.800000	493
6.900000	781
7.000000	830
7.100000	532
7.200000	366
7.300000	288
7.400000	551
7.500000	805
7.600000	771
7.700000	839
7.800000	468
7.900000	957
8.000000	488
8.100000	371
8.200000	625
8.300000	791
8.400000	747
8.500000	390
8.600000	493
8.700000	708
8.800000	805
8.900000	683
9.000000	605
9.100000	864
9.200000	444
9.300000	551
9.400000	561
9.500000	385
9.600000	722
9.700000	600
9.800000	419
9.900000	659
10.000000	410
10.100000	747
10.200000	502
10.300000	742
10.400000	717
10.500000	424
10.600000	888
10.700000	903
10.800000	468
10.900000	483
11.000000	576
11.100000	502
11.200000	712
11.300000	288
11.400000	756
11.500000	747
11.600000	854
11.700000	737
11.800000	297
11.900000	629
12.000000	678
12.100000	625
12.200000	751
12.300000	590
12.400000	375
12.500000	634
12.600000	517
12.700000	625
12.800000	659
12.900000	668
13.000000	527
13.100000	600
13.200000	664
13.300000	629
13.400000	449
13.500000	541
13.600000	703
13.700000	664
13.800000	1005
13.900000	463
14.000000	781
14.100000	625
14.200000	468
14.300000	336
14.400000	629
14.500000	771
14.600000	410
14.700000	605
14.800000	410
14.900000	732
15.000000	454
15.100000	761
15.200000	615
15.300000	595
15.400000	371
15.500000	751
15.600000	1201
15.700000	668
15.800000	742
15.900000	512
16.000000	703
16.100000	678
16.200001	839
16.299999	566
16.400000	668
16.500000	854
16.600000	795
16.700001	805
16.799999	458
16.900000	341
17.000000	644
17.100000	781
17.200001	527
17.299999	717
17.400000	312
17.500000	634
17.600000	444
17.700001	693
17.799999	683
17.900000	668
18.000000	566
18.100000	629
18.200001	541
18.299999	600
18.400000	747
18.500000	791
18.600000	776
18.700001	864
18.799999	693
18.900000	688
19.000000	727
19.100000	786
19.200001	610
19.299999	585
19.400000	820
19.500000	625
19.600000	493
19.700001	361
19.799999	864
19.900000	551
20.000000	820
20.100000	576
20.200001	566
20.299999	966
20.400000	380
20.500000	781
20.600000	517
20.700001	502
20.799999	664
20.900000	864
21.000000	664
21.100000	678
21.200001	737
21.299999	512
21.400000	664
21.500000	507
21.600000	659
21.700001	546
21.799999	551
21.900000	654
22.000000	668
22.100000	322
22.200001	717
22.299999	722
22.400000	708
22.500000	546
22.600000	449
22.700001	493
22.799999	664
22.900000	1083
23.000000	346
23.100000	493
23.200001	649
23.299999	371
23.400000	688
23.500000	483
23.600000	473
23.700001	727
23.799999	478
23.900000	742
24.000000	825
24.100000	878
24.200001	551
24.299999	454
24.400000	351
24.500000	703
24.600000	717
24.700001	1015
24.799999	571
24.900000	688
25.000000	590
25.100000	688
25.200001	522
25.299999	737
25.400000	502
25.500000	869
25.600000	400
25.700001	668
25.799999	512
25.900000	859
26.000000	493
26.100000	346
26.200001	458
26.299999	561
26.400000	903
26.500000	434
26.600000	673
26.700001	717
26.799999	634
26.900000	644
27.000000	253
27.100000	722
27.200001	551
27.299999	473
27.400000	292
27.500000	639
27.600000	478
27.700001	791
27.799999	756
27.900000	356
28.000000	581
28.100000	634
28.200001	766
28.299999	566
28.400000	683
28.500000	874
28.600000	454
28.700001	605
28.799999	415
28.900000	590
29.000000	698
29.100000	356
29.200001	625
29.299999	527
29.400000	375
29.500000	576
29.600000	610
29.700001	688
29.799999	595
29.900000	395
30.000000	424
30.100000	610
30.200001	498
30.299999	532
30.400000	742
30.500000	747
30.600000	424
30.700001	659
30.799999	512
30.900000	732
31.000000	590
31.100000	488
31.200001	639
31.299999	493
31.400000	454
31.500000	595
31.600000	351
31.700001	795
31.799999	517
31.900000	664
32.000000	517
32.099998	522
32.200001	825
32.299999	781
32.400002	786
32.500000	517
32.599998	585
32.700001	317
32.799999	913
32.900002	634
33.000000	571
33.099998	522
33.200001	268
33.299999	498
33.400002	644
33.500000	478
33.599998	556
33.700001	566
33.799999	522
33.900002	820
34.000000	341
34.099998	581
34.200001	556
34.299999	546
34.400002	668
34.500000	473
34.599998	883
34.700001	688
34.799999	708
34.900002	556
35.000000	483
35.099998	620
35.200001	556
35.299999	527
35.400002	727
35.500000	805
35.599998	893
35.700001	771
35.799999	639
35.900002	839
36.000000	620
36.099998	561
36.200001	620
36.299999	708
36.400002	493
36.500000	585
36.599998	488
36.700001	458
36.799999	820
36.900002	463
37.000000	678
37.099998	541
37.200001	537
37.299999	610
37.400002	478
37.500000	698
37.599998	571
37.700001	507
37.799999	507
37.900002	556
38.000000	766
38.099998	541
38.200001	659
38.299999	253
38.400002	434
38.500000	673
38.599998	585
38.700001	478
38.799999	708
38.900002	595
39.000000	478
39.099998	825
39.200001	722
39.299999	463
39.400002	732
39.500000	541
39.599998	468
39.700001	478
39.799999	527
39.900002	595
40.000000	634
40.099998	473
40.200001	708
40.299999	410
40.400002	805
40.500000	522
40.599998	654
40.700001	610
40.799999	517
40.900002	556
41.000000	566
41.099998	463
41.200001	693
41.299999	737
41.400002	615
41.500000	473
41.599998	625
41.700001	449
41.799999	776
41.900002	449
42.000000	449
42.099998	844
42.200001	732
42.299999	708
42.400002	449
42.500000	820
42.599998	688
42.700001	668
42.799999	410
42.900002	585
43.000000	1166
43.099998	620
43.200001	527
43.299999	537
43.400002	810
43.500000	585
43.599998	649
43.700001	654
43.799999	629
43.900002	532
44.000000	649
44.099998	673
44.200001	625
44.299999	693
44.400002	551
44.500000	400
44.599998	654
44.700001	615
44.799999	566
44.900002	332
45.000000	541
45.099998	395
45.200001	673
45.299999	1416
45.400002	444
45.500000	488
45.599998	737
45.700001	468
45.799999	864
45.900002	712
46.000000	703
46.099998	576
46.200001	649
46.299999	869
46.400002	600
46.500000	1269
46.599998	771
46.700001	371
46.799999	498
46.900002	605
47.000000	444
47.099998	351
47.200001	625
47.299999	463
47.400002	698
47.500000	541
47.599998	786
47.700001	483
47.799999	917
47.900002	908
48.000000	605
48.099998	810
48.200001	610
48.299999	502
48.400002	371
48.500000	673
48.599998	429
48.700001	439
48.799999	698
48.900002	776
49.000000	493
49.099998	361
49.200001	981
49.299999	825
49.400002	620
49.500000	390
49.599998	673
49.700001	429
49.799999	751
49.900002	385
50.000000	683
50.099998	742
50.200001	654
50.299999	454
50.400002	454
50.500000	502
50.599998	493
50.700001	390
50.799999	502
50.900002	449
51.000000	688
51.099998	1113
51.200001	551
51.299999	576
51.400002	664
51.500000	424
51.599998	415
51.700001	317
51.799999	522
51.900002	590
52.000000	688
52.099998	898
52.200001	742
52.299999	751
52.400002	1132
52.500000	834
52.599998	727
52.700001	649
52.799999	410
52.900002	395
53.000000	698
53.099998	541
53.200001	566
53.299999	541
53.400002	981
53.500000	439
53.599998	737
53.700001	732
53.799999	708
53.900002	981
54.000000	600
54.099998	947
54.200001	703
54.299999	781
54.400002	708
54.500000	693
54.599998	815
54.700001	659
54.799999	585
54.900002	375
55.000000	634
55.099998	629
55.200001	307
55.299999	561
55.400002	732
55.500000	527
55.599998	747
55.700001	786
55.799999	541
55.900002	791
56.000000	654
56.099998	561
56.200001	468
56.299999	625
56.400002	527
56.500000	444
56.599998	405
56.700001	244
56.799999	615
56.900002	415
57.000000	566
57.099998	610
57.200001	541
57.299999	571
57.400002	1074
57.500000	786
57.599998	410
57.700001	654
57.799999	463
57.900002	410
58.000000	546
58.099998	942
58.200001	361
58.299999	380
58.400002	732
58.500000	932
58.599998	878
58.700001	571
58.799999	390
58.900002	996
59.000000	541
59.099998	576
59.200001	698
59.299999	439
59.400002	512
59.500000	805
59.599998	517
59.700001	625
59.799999	556
59.900002	498
60.000000	541
60.099998	415
60.200001	747
60.299999	795
60.400002	727
60.500000	610
60.599998	595
60.700001	517
60.799999	483
60.900002	639
61.000000	629
61.099998	625
61.200001	493
61.299999	761
61.400002	522
61.500000	302
61.599998	673
61.700001	483
61.799999	581
61.900002	917
62.000000	400
62.099998	488
62.200001	478
62.299999	546
62.400002	507
62.500000	629
62.599998	639
62.700001	444
62.799999	615
62.900002	551
63.000000	629
63.099998	668
63.200001	541
63.299999	786
63.400002	571
63.500000	537
63.599998	649
63.700001	571
63.799999	952
63.900002	551
64.000000	522
64.099998	502
64.199997	844
64.300003	1254
64.400002	351
64.500000	483
64.599998	791
64.699997	263
64.800003	590
64.900002	732
65.000000	551
65.099998	698
65.199997	839
65.300003	512
65.400002	512
65.500000	473
65.599998	527
65.699997	595
65.800003	468
65.900002	605
66.000000	1040
66.099998	1142
66.199997	576
66.300003	288
66.400002	610
66.500000	903
66.599998	527
66.699997	341
66.800003	747
66.900002	590
67.000000	434
67.099998	644
67.199997	566
67.300003	454
67.400002	703
67.500000	556
67.599998	878
67.699997	781
67.800003	375
67.900002	756
68.000000	600
68.099998	693
68.199997	727
68.300003	590
68.400002	874
68.500000	737
68.599998	605
68.699997	664
68.800003	214
68.900002	454
69.000000	473
69.099998	600
69.199997	493
69.300003	532
69.400002	507
69.500000	341
69.599998	1152
69.699997	571
69.800003	761
69.900002	688
70.000000	502
70.099998	712
70.199997	463
70.300003	659
70.400002	493
70.500000	571
70.599998	883
70.699997	249
70.800003	659
70.900002	717
71.000000	478
71.099998	683
71.199997	537
71.300003	839
71.400002	888
71.500000	571
71.599998	844
71.699997	664
71.800003	781
71.900002	468
72.000000	537
72.099998	493
72.199997	913
72.300003	747
72.400002	654
72.500000	585
72.599998	712
72.699997	483
72.800003	419
72.900002	415
73.000000	751
73.099998	629
73.199997	590
73.300003	756
73.400002	415
73.500000	517
73.599998	463
73.699997	478
73.800003	581
73.900002	585
74.000000	541
74.099998	454
74.199997	708
74.300003	693
74.400002	566
74.500000	747
74.599998	581
74.699997	561
74.800003	742
74.900002	527
75.000000	449
75.099998	771
75.199997	625
75.300003	419
75.400002	625
75.500000	927
75.599998	527
75.699997	615
75.800003	600
75.900002	815
76.000000	605
76.099998	585
76.199997	478
76.300003	810
76.400002	532
76.500000	498
76.599998	600
76.699997	512
76.800003	512
76.900002	864
77.000000	649
77.099998	708
77.199997	551
77.300003	625
77.400002	473
77.500000	434
77.599998	366
77.699997	405
77.800003	742
77.900002	805
78.000000	678
78.099998	488
78.199997	1098
78.300003	859
78.400002	400
78.500000	566
78.599998	698
78.699997	527
78.800003	644
78.900002	380
79.000000	761
79.099998	590
79.199997	493
79.300003	673
79.400002	537
79.500000	473
79.599998	693
79.699997	654
79.800003	698
79.900002	668
80.000000	644
80.099998	1035
80.199997	927
80.300003	419
80.400002	483
80.500000	844
80.599998	825
80.699997	424
80.800003	615
80.900002	468
81.000000	566
81.099998	673
81.199997	629
81.300003	507
81.400002	786
81.500000	634
81.599998	849
81.699997	703
81.800003	732
81.900002	512
82.000000	439
82.099998	556
82.199997	678
82.300003	888
82.400002	664
82.500000	957
82.599998	434
82.699997	546
82.800003	458
82.900002	561
83.000000	488
83.099998	512
83.199997	410
83.300003	517
